SimulationTime 500
SimulationStepTime 50
Conductivity 25
InitialTemp 0
Density 7800
SpecificHeat 700
Nodes_number 76
Triangle_number 121
Quad_number 0
*Nodes
0, -0.047, -0.035
1, -0.0468333, -0.0256667
2, -0.0466667, -0.0163333
3, -0.0465, -0.007
4, -0.0463333, 0.00233334
5, -0.0461667, 0.0116667
6, -0.046, 0.021
7, -0.0363, 0.0205
8, -0.0266, 0.02
9, -0.0169, 0.0195
10, -0.0072, 0.019
11, 0.0025, 0.0185
12, 0.0122, 0.018
13, 0.0219, 0.0175
14, 0.0316, 0.017
15, 0.0413, 0.0165
16, 0.051, 0.016
17, 0.0482, 0.0064
18, 0.0454, -0.0032
19, 0.0426, -0.0128
20, 0.0398, -0.0224
21, 0.037, -0.032
22, 0.0265, -0.032375
23, 0.016, -0.03275
24, 0.0055, -0.033125
25, -0.005, -0.0335
26, -0.0155, -0.033875
27, -0.026, -0.03425
28, -0.0365, -0.034625
29, -0.0398111, 0.00511111
30, -0.03, 0.0108333
31, 0.0366333, 0.000499999
32, 0.0167, 0.000916667
33, 0.0268333, -0.00935
34, 0.00673333, 0.001125
35, 0.0112333, -0.0159583
36, -0.00323333, 0.00133333
37, 0.000999999, -0.0160417
38, -0.0263, -0.007125
39, -0.0132, 0.00154167
40, -0.00923334, -0.016125
41, -0.0397222, -0.0191944
42, -0.0293333, -0.0250417
43, 0.0365111, 0.0113333
44, 0.0169333, 0.0121389
45, 0.0283111, 0.00613889
46, 0.0353556, -0.00721667
47, 0.0310444, -0.021375
48, 0.00714445, 0.0125417
49, 0.0118778, 0.00668056
50, 0.0215222, -0.0192278
51, 0.0109111, -0.0272778
52, 0.0182556, -0.00813056
53, 0.0115556, -0.00463889
54, -0.00264444, 0.0129444
55, 0.002, 0.00698611
56, 0.000499999, -0.0275556
57, 0.00591111, -0.0217083
58, 0.00632222, -0.0102917
59, 0.0015, -0.00452778
60, -0.037537, -0.00300463
61, -0.032037, 0.00293982
62, -0.0124333, 0.0133472
63, -0.0200333, 0.010625
64, -0.00787778, 0.00729167
65, -0.0231667, 0.00175
66, -0.00991111, -0.0278333
67, -0.00441111, -0.0218889
68, -0.00382222, -0.0102778
69, -0.00855556, -0.00441667
70, -0.0162444, -0.00723611
71, -0.0375074, -0.0111065
72, -0.0180222, -0.0250139
73, -0.0216222, -0.0160972
74, -0.0317852, -0.0171204
75, 0.0239481, -0.000764815
*Triangles
0, 5, 6, 7
1, 15, 16, 17
2, 0, 1, 28
3, 4, 5, 29
4, 5, 7, 29
5, 7, 8, 30
6, 7, 29, 30
7, 17, 18, 31
8, 1, 2, 41
9, 1, 28, 41
10, 27, 28, 42
11, 28, 41, 42
12, 14, 15, 43
13, 15, 17, 43
14, 17, 31, 43
15, 12, 13, 44
16, 13, 14, 45
17, 13, 44, 45
18, 14, 43, 45
19, 31, 43, 45
20, 32, 44, 45
21, 18, 19, 46
22, 18, 31, 46
23, 19, 20, 47
24, 19, 46, 47
25, 20, 21, 47
26, 21, 22, 47
27, 33, 46, 47
28, 11, 12, 48
29, 12, 44, 48
30, 32, 34, 49
31, 32, 44, 49
32, 44, 48, 49
33, 22, 23, 50
34, 22, 47, 50
35, 33, 47, 50
36, 23, 24, 51
37, 23, 50, 51
38, 35, 50, 51
39, 33, 50, 52
40, 35, 50, 52
41, 32, 34, 53
42, 32, 52, 53
43, 35, 52, 53
44, 10, 11, 54
45, 11, 48, 54
46, 34, 36, 55
47, 34, 49, 55
48, 48, 49, 55
49, 48, 54, 55
50, 24, 25, 56
51, 24, 51, 56
52, 35, 37, 57
53, 35, 51, 57
54, 51, 56, 57
55, 35, 37, 58
56, 35, 53, 58
57, 34, 36, 59
58, 34, 53, 59
59, 53, 58, 59
60, 3, 4, 60
61, 4, 29, 60
62, 29, 30, 61
63, 29, 60, 61
64, 38, 60, 61
65, 9, 10, 62
66, 10, 54, 62
67, 8, 9, 63
68, 8, 30, 63
69, 9, 62, 63
70, 39, 62, 63
71, 36, 39, 64
72, 36, 55, 64
73, 39, 62, 64
74, 54, 55, 64
75, 54, 62, 64
76, 30, 61, 65
77, 30, 63, 65
78, 38, 61, 65
79, 39, 63, 65
80, 25, 26, 66
81, 25, 56, 66
82, 37, 40, 67
83, 37, 57, 67
84, 40, 66, 67
85, 56, 57, 67
86, 56, 66, 67
87, 37, 40, 68
88, 37, 58, 68
89, 58, 59, 68
90, 36, 39, 69
91, 36, 59, 69
92, 40, 68, 69
93, 59, 68, 69
94, 38, 65, 70
95, 39, 65, 70
96, 39, 69, 70
97, 40, 69, 70
98, 2, 3, 71
99, 2, 41, 71
100, 3, 60, 71
101, 38, 60, 71
102, 26, 27, 72
103, 26, 66, 72
104, 27, 42, 72
105, 40, 66, 72
106, 38, 70, 73
107, 40, 70, 73
108, 40, 72, 73
109, 42, 72, 73
110, 38, 71, 74
111, 38, 73, 74
112, 41, 42, 74
113, 41, 71, 74
114, 42, 73, 74
115, 31, 45, 75
116, 31, 46, 75
117, 32, 45, 75
118, 32, 52, 75
119, 33, 46, 75
120, 33, 52, 75
*Quads
*BC
0, 100, 0, 0, 0
1, 100, 0, 0, 0
2, 100, 0, 0, 0
3, 100, 0, 0, 0
4, 100, 0, 0, 0
5, 100, 0, 0, 0
6, 100, 0, 0, 0
7, 0, 0, 0, 0
8, 0, 0, 0, 0
9, 0, 0, 0, 0
10, 0, 0, 0, 0
11, 0, 0, 0, 0
12, 0, 0, 0, 0
13, 0, 0, 0, 0
14, 0, 0, 0, 0
15, 0, 0, 0, 0
16, 0, 0, 0, 0
17, 0, 0, 0, 0
18, 0, 0, 0, 0
19, 0, 0, 0, 0
20, 0, 0, 0, 0
21, 0, 0, 0, 0
22, 0, 0, 0, 0
23, 0, 0, 0, 0
24, 0, 0, 0, 0
25, 0, 0, 0, 0
26, 0, 0, 0, 0
27, 0, 0, 0, 0
28, 0, 0, 0, 0
